        5279       27480
   1211   1210   1209   1208   1207   1206   1205   1204   1203   1202
   1201   1200   1199   1198   1197   1196   1195   1194   1193   1192
   1191   1190   1189   1188   1187   1186   1185   1184   1183   1182
   1181   1180   1179   1178   1177   1176   1175   1174   1173   1172
   1171   1170   1169   1168   1167   1166   1165   1164   1163   1162
   1161   1160   1159   1158   1157   1155   1154   1153   1152   1151
   1150   1149   1148   1147   1146   1145   1144   1143   1142   1141
   1140   1138   1137   1135   1134   1133   1132   1131   1130   1129
   1128   1127   1126   1125   1124   1123   1122   1121   1120   1119
   1118   1117   1116   1115   1114   1113   1112   1111   1110   1109
   1108   1107   1106   1105   1104   1103   1102   1101   1100   1099
   1098   1097   1096   1095   1094   1093   1092   1090   1089   1087
   1086   1085   1084   1082   1081   1080   1079   1078   1077   1076
   1075   1074   1073   1072   1071   1069   1068   1067   1066   1065
   1064   1063   1062   1061   1060   1059   1058   1057   1056   1055
   1054   1053   1051   1050   1049   1048   1047   1046   1045   1044
   1043   1042   1041   1040   1039   1038   1037   1036   1035   1034
   1033   1032   1030   1029   1028   1027   1026   1025   1024   1023
   1022   1021   1020   1019   1018   1017   1016   1015   1014   1013
   1011   1010   1009   1008   1007   1006   1005   1004   1003   1002
   1001   1000    999    998    997    996    995    994    993    992
    991    989    988    987    986    985    984    983    982    981
    980    979    978    977    976    975    974    973    971    968
    967    966    965    964    963    962    961    959    958    957
    956    954    953    952    951    950    947    946    944    943
    942    941    940    936    935    934    932    931    930    929
    927    926    925    924    923    922    921    920    919    918
    917    916    915    914    913    912    911    910    909    908
    907    906    905    904    903    902    901    900    898    896
    895    894    893    890    887    886    885    883    881    880
    879    878    876    875    873    872    871    869    868    866
    865    863    862    860    859    858    857    855    854    852
    851    850    849    848    847    845    844    843    842    841
    839    838    837    835    833    832    831    830    829    828
    826    825    824    823    822    821    820    819    818    817
    816    815    813    812    810    809    808    807    806    804
    802    799    798    797    796    795    794    793    791    790
    789    785    784    781    780    779    778    777    776    775
    774    772    770    768    767    766    763    762    761    760
    759    756    752    751    750    749    748    747    746    744
    743    742    741    740    739    738    737    736    735    733
    732    731    730    729    727    726    725    724    722    721
    719    718    717    715    714    713    712    711    707    705
    702    700    695    694    693    691    690    687    685    684
    683    682    681    680    678    677    676    675    674    671
    668    667    666    665    664    662    658    655    652    648
    647    646    644    642    641    638    634    632    631    630
    628    623    622    618    617    616    613    610    607    606
    605    600    591    589    586    584    582    581    580    577
    576    574    571    570    569    566    564    563    561    560
    559    555    552    550    549    547    542    540    538    534
    530    528    525    524    523    521    518    512    511    510
    507    506    505    504    502    499    496    495    493    486
    481    479    477    476    471    470    468    466    463    461
    460    459    457    456    455    452    450    448    446    442
    441    440    438    435    433    432    430    428    427    424
    422    421    419    418    416    415    413    412    409    405
    403    401    400    393    392    387    384    383    380    378
    371    370    368    367    366    361    359    356    352    351
    350    348    345    344    343    339    333    332    331    328
    327    326    325    323    321    316    314    312    310    308
    302    301    300    298    296    295    294    289    287    279
    275    274    272    270    269    268    267    266    261    259
    255    245    244    242    238    233    232    228    226    222
    221    219    214    206    193    190    189    188    181    179
    176    173    171    170    169    168    167    166    165    164
    163    162    161    160    159    158    157    156    155    154
    153    152    151    150    149    148    147    146    145    144
    143    142    141    140    139    138    137    136    135    134
    132    131    130    129    128    126    125    124    123    122
    121    120    119    117    115    114    113    112    111    110
    109    108    107    106    105    104    103    102    101     96
     95     94     93     92     91     90     88     87     86     85
     83     82     81     79     77     73     72     66     65     46
     45     44     43     42     41     40     39     38     37     36
     35     34     33     32     31     30     29     28     27     26
     25     24     23     22     21     20     19     18     17     16
     15     14     13     12     11     10      9      8      7   4916
   4834   4759   4420   3549   5006   5005   5003   5002   5001   5000
   4999   4998   4997   4996   4995   4994   4993   4992   4991   4990
   4989   4988   4987   4986   4985   4984   4983   4982   4981   4980
   4979   4978   4977   4976   4975   4974   4973   4972   4971   4970
   4969   4968   4967   4966   4965   4964   4963   4962   4961   4960
   4959   4958   4957   4956   4955   4954   4953   4952   4951   4950
   4949   4948   4947   4946   4945   4944   4943   4942   4941   4940
   4939   4938   4937   4936   4935   4934   4933   4932   4931   4930
   4929   4928   4927   4926   4924   4923   4922   4921   4920   4919
   4918   4917   4915   4914   4913   4912   4911   4910   4909   4908
   4907   4906   4905   4904   4903   4902   4901   4900   4899   4898
   4897   4896   4895   4894   4893   4892   4891   4889   4888   4886
   4885   4884   4883   4882   4880   4878   4877   4876   4875   4874
   4873   4872   4871   4870   4868   4867   4866   4865   4863   4861
   4860   4859   4858   4857   4856   4855   4854   4853   4851   4849
   4848   4847   4846   4845   4844   4843   4842   4841   4840   4839
   4838   4837   4836   4835   4833   4832   4831   4830   4829   4828
   4827   4826   4824   4823   4822   4821   4820   4818   4817   4816
   4815   4814   4813   4812   4811   4810   4809   4808   4807   4806
   4805   4804   4801   4800   4799   4798   4797   4796   4795   4794
   4793   4792   4791   4790   4789   4788   4787   4786   4785   4784
   4783   4782   4781   4780   4779   4777   4776   4775   4774   4773
   4772   4771   4770   4769   4768   4767   4766   4764   4762   4761
   4760   4758   4757   4756   4755   4754   4753   4752   4750   4749
   4748   4747   4746   4745   4744   4743   4742   4741   4740   4739
   4738   4737   4736   4735   4734   4733   4732   4731   4730   4729
    398   4728   4727   4726   4725   4723   4722   4721   4720   4719
   4718   4717   4716   4715   4714   4713   4712   4711   4710   4709
   4708   4707   4706   4705   4703   4702   4701   4700   4699   4698
   4697   4696   4695   4694   4693   4692   4691   4689   4688   4687
   4686   4685   4684   4683   4682   4681   4680   4678    633   4677
   4676   4675   4674   4673   4672   4671   4670   4669   4668   4667
   4665   4664   4663   4662   4661   4660   4659   4658   4657   4656
   4655   4654   4653   4652   4651   4650   4649   4648   4647   4646
   4645   4644   4642   4641   4640   4638   4637   4636   4635   4634
   4632   4631   4630   4629   4628   4627   4626   4625   4624   4623
   4622   4621   4620   4619   4618   4617   4616   4615   4614   4613
   4612   4611   4610    771   4609   4608   4607   4606   4605   4604
   4603   4602   4601   4600   4599   4598   4596   4595   4594   4593
   4592   4591   4590   4589   4588   4587   4586   4585   4584   4583
   4582   1156   4581   4580   4579   4578   4577   4576   4575   4574
   4573   4572   4571   4569   4567   4566   4565   4564   4563   4562
   4561   4560   4559   4558   4557    320   4555   4554   4553   4552
   4551   4550   4549   4548   4547   4546   4545   4544   4542   4541
   4540   4538   4537   4536   4535   4534   4533   4532   4531   4530
   4529   4528   4527    365   4526   4525   4521   4520   4519   4518
   4517   4516   4515   4514   4513   4512   4511   4510   4509   4508
   4507   4506   4505   4502   4501   4500   4499   4498   4497   4496
   4495   4494   4493   4492   4491   4489   4488   4487   4485   4484
   4483   4481   4480   4479   4478   4477   4476   4475   4474   4473
   4471   4470   4469   4468   4467   4466   4464   4463   4462   4461
   4460   4459   4458   4457   4456   4454   4453   4452   4451   4450
   4449   4448   4447   4446   4445   4444   4443   4442   4441   4440
   4439   4438   4437   4436   4435   4434   4433   4432   4430   4429
   4428   4427   4426   4425   4424   4423   4422   4421   4419   4417
   4414   4412   4411   4409   4408   4406   4405   4404   4403   4402
   4401   4400   4399   4398   4397   4396   4395    611   4394   4393
   4392   4391   4390   4389   4388   4387   4386   4385   4384   4383
   4382   4381   4379   4378   4377   4376   4375   4374   4373   4372
   4371    515   4370   4369    390   4368   4367   4366   4365   4364
   4363   4362   4361   4360   4359   4358   1091   4357   4356   4354
   4353   4351   4350   4349   4348   4347   4346   4345   4344   4343
   4342   4341   4340   4338   4337   4336   4335   4333   4332   4331
   4330   4329   4328   4327   4326    745   4324   4323   4322   4321
   4320   4319   4318   4317   4316   4315   4314   4313   4312   4311
   4310   4309   4308   4307   4305   4304   4303   4302   4300   4299
   4298   4297   4293   4292   4291   4290   4289   4287   4286   4285
   4284   4282   4281   4280   4278   4277   4276   4275   4274   4273
   4272   4271   4270   4269   4268   4267   4266   4265   4264   4263
   4262   4260   4259   4258   4257   4256    355   4255   4254   4253
   4252   4251   4250   4249    651   4248   4247   4246   4245   4244
   4243   4241   4240   4239   4238   4237   4236   4235   4234   4233
   4232   4231   4230   4229   4228   4227   4226   4225   4224   4223
   4222   4221   4220   4217   4216   4215   4213   4212    539   4211
   4210   4209   4208   4207   4206   4205   4204   4203   4202   4201
   4200   4199   4198   4197   4196   4195   4194    692   4193   4192
   4191   4190   4189   4188   4187   4186   4185   4184   4182   4181
   4180   4179   4177   4176   4174   4172   4170   4169   4168   4167
   4166   4165   4164   4163   4162   4161   4160   4159   4158   4157
   4156   4155   4153   4152   4151   4150   4149   4147   4145   4144
   4143   4142   4141    337   4139   4138   4137   4136   4135   4134
   4133   4132   4131   4130   4129   4127   4124   4123   4122   4121
   4120   4119   4118   4117   4116   4115   4114   4113   4112   4110
   4109   4108   4107   4106   4105   4104   4103   4102   4100   4099
   4098   4096   4095   4094   4093   4092   4091   4089   4088   4087
   4085   4084   4083   4082   4081   4080    619   4079   4078   4077
   4076   4075   4074   4073   4072   4071   4070   4069   4068   4067
   4065   4064   4063   4062   4061   4060   4059   4058   4057   4056
   4055   4053   4052   4050   4049   4048   4047   4046   4045   4043
   4041   4040   4039   4038   4037   4036   4035   4034   4033   4029
   4028   4027   4026   4025   4023   4022   4021   4020   4019   4018
   4017   4015   4013   4012   4011    198   4010   4009   4008    945
   4007   4006   4005   4004   4003   4002   4001   4000   3999   3998
    543   3997   3996   3995   3994   3993   3992   3991   3989   3988
   3987   3986   3985   3983   3982   3980   3978   3977   3976   3974
   3973   3972   3971   3969   3968   3967   3966   3965   3964   3963
   3961   3960   3959   3958   3957   3956   3954   3953   3952   3951
   3950   3949   3948   3947   3946   3945   3944   3943   3942   3941
   3940   3939   3938   3937   3935   3934   3933   3931   3930   3929
   3927   3925   3924   3923   3922   3921   3917   3916   3915   3914
   3913   3912   3911   3910   3909   3908   3906   3904   3903   3902
   3900   3899   3897   3896   3895   3894   3892   3891   3890   3889
   3888   3887   3886   3885   3884   3883   3881   3880    519   3879
   3878   3877   3876   3875   3874   3873   3872   3871   3870   3869
   3868   3867   3866    203   3865   3864   3863   3862   3861   3860
   3859   3858   3857   3856   3855   3854   3853   3852   3851   3850
   3849   3848   3846   3845   3844   3842   3841   3840   3839   3838
   3837   3835   3834   3833   3832   3831   3830   3829   3828   3827
   3826   3825   3824   3823   3822   3821   3820   3819   3818   3817
   3816   3815   3814   3813   3812   3811   3810   3808   3807   3805
   3804   3803   3802   3800   3799   3798   3796   3795   3794   3793
   3792   3791   3790   3789   3787   3786   3785   3784    625   3783
    414   3782   3781   3780   3779   3778   3777   3776    234   3775
   3774   3773   3771   3769   3767   3766   3765   3764   3762   3760
   3759   3758   3757   3756   3755   3754   3752   3751   3750   3749
   3748   3747   3745   3744   3743   3742   3741   3739   3738   3737
   3736   3734   3733   3732   3731   3730   3727   3726   3725   3724
   3722   3721   3720   3719   3718   3717   3716   3715   3714   3713
   3712   3711   3710   3709   3708   3707    659   3706    182   3705
   3704   3703   3702   3701   3700   3699   3698   3697   3696   3694
   3693   3692    532   3691   3690   3689   3688    531   3687   3686
   3685   3684   3683   3682   3681   3680   3679   3678   3676   3675
   3674   3673   3672   3671   3670   3669   3668   3667   3665   3663
   3662   3661   3660   3659   3658   3656   3655   3654   3653   3652
   3651   3650   3649   3648   3647   3646   3645   3644   3643   3642
   3641   3639   3638   3637   3636   3635   3634   3633   3632   3630
   3628   3623   3622   3621   3620   3619   3618   3617   3616   3615
   3614   3613   3612   3611   3610   3609   3608   3607   3606   3605
   3604   3603   3602   3600   3598   3597   3595   3594   3593   3592
   3591   3589    483   3587   3586   3585   3584    257   3583   3582
   3581   3580   3579   3578   3576   3575   3574   3573   3572   3571
   3570   3569   3568   3567   3566   3565   3564   3563   3562   3561
   3560   3559   3558   3557   3556   3555   3554   3553   3552   3551
   3550   3548   3547   3546   3545   3544   3543   3542   3540   3539
   3538   3537   3534   3533   3532   3531   3530   3529   3528   3527
   3526   3524   3523   3522   3521   3519   3518   3517   3516   3514
   3513   3512   3511   3510   3508   3507   3506   3503   3502   3501
   3500   3496   3495   3493   3492   3491   3490   3489   3488   3487
   3486   3485   3484   3483   3481   3479   3478   3477   3476   3475
   3474   3473   3472   3471   3470   3468   3467    240   3465   3464
   1052   3463   3462   3461   3460   3459   3458   3457   3456    579
   3455   3454   3453   3452   3451   3449   3448   3445   3444   3443
   3442   3441   3438   3437   3436   3435   3434   3433   3431   3430
   3429   3427   3426   3425   3424   3423   3421   3420   3419   3418
   3417   3415   3411   3410   3409   3408   3407   3406   3405   3404
   3400   3398   3397   3395   3394   3393   3392   3391   3390   3387
   3386   3385   3384   3383   3381   3378   3376   3375   3374   3373
   3371   3370   3369   3368   3367   3365   3364   3363   3362   3361
   3360   3359   3358   3357   3356   3355   3354   3353   3352   3351
   3349    260   3347   3345   3344   3343   3342   3340   3339   3338
    215   3337   3336   3335   3334   3333   3332   3331   3330   3329
   3328   3327   3326    357   3325   3324   3323   3322   3321   3320
   3319   3318   3317   3316    556   3315   3314   3313   3312   3311
   3310    792   3309   3307   3306   3305   3304   3302   3301   3300
   3299   3298   3296   3294    174   3293   3292   3291   3290   3289
   3288   3287   3286   3284   3283   3282   3281   3280   3279   3278
   3277   3276   3275   3274   3273   3272   3271   3269   3268   3267
   3266   3265   3264   3263   3262   3261   3260   3259   3258   3257
   3256   3255   3254   3252   3251   3250   3248   3247   3246   3245
   3244   3242   3241   3240   3239   3238   3237   3236   3235   3234
   3231   3229   3228   3227   3226   3225   3224   3223   3222   3221
   3219   3217   3216   3215   3213   3212   3211   3210   3209   3208
   3207   3206   3205   3204   3203   3202   3201   3200    439   3199
   3198   3197   3195   3194   3193   3192   3191   3190   3189   3188
   3187   3186   3185    861   3184   3183   3182   3181   1083   3180
   3179   3178   3177   3176   3175   3174    788   3173   3172    723
   3171   3170    315   3169   3168   3167   3166    602   3165   3164
   3163   3162   3161   3160   3159   3158   3157   3156   3155   3154
   3153   3152   3151    801   3150   3149   3148   3147   3145    620
   3144   3143   3142   3141   3140   3139   3138   3137   3136   3135
   3133   3132   3131   3130   3129   3127   3126   3125   3123   3121
   3120   3119   3118   3117   3116   3114   3113   3112   3111   3110
   3109   3108   3107   3106   3105   3101   3100   3098   3097   3096
   3095   3091   3090   3088   3087   3085   3083   3082   3081   3080
   3079   3078   3077   3076   3074   3073   3072   3071   3070   3069
   3068   3067   3065   3064   3063   3062   3061   3060   3058   3057
   3056   3055   3054   3053   3052   3051   3050   3049   3048   3047
   3046   3045   3044   3043   3042   3041   3040   3039   3038   3037
    434   3034   3033   3032   3031   3030   3029   3027   3026   3025
   3024   3023   3022   3021   3020   3019   3018   3017   3016   3015
   3014    425   3013   3012   3011   3010   3009   3008   3005   3004
   3003   3002   3001   3000   2999   2998   1012   2997   2996   2995
   2993   2992   2990   2989   2987   2986   2985   2984   2983   2982
   2981   2980   2978   2976   2975   2974   2973   2972   2971   2970
   2969   2968   2967   2966   2965   2964   2962   2960   2959   2957
   2956   2955   2954   2953   2951   2950   2949   2948   2947   2946
   2945   2944   2943   2942   2941   2940   2939   2938   2937   2936
   2935   2932   2931   2929   2928   2927   2926   2925   2924   2923
   2922   2921   2919   2917   2916   2915   2914   2913   2912   2911
   2910   2909   2908   2907   2906   2905   2904   2903   2902   2900
   2899   2898   2897   2896   2895   2894   2893   2892   2891   2889
    399   2888   2886   2885   2884   2883   2882   2881   2880   2878
   2877   2876   2875   2874   2873   2872   2870   2869   2868   2867
    783   2866   2865   2864   2862   2860   2858   2853   2846   2842
   2837   2832   2829   2828   2826   2824   1139   1136   1088    960
    949    948    937    933    928    892    884    882    877    856
    787    782    769    757    734    716    708    704    703    701
    699    689    673    672    669    663    656    654    649    639
    637    626    624    615    597    596    585    583    575    573
    568    562    557    541    537    526    520    516    508    500
    498    489    480    475    474    473    469    454    444    443
    404    402    396    395    391    385    377    358    347    346
    322    309    299    264    263    253    250    243    241    211
    200    199    197    192    178    175    465    864    342    231
    686    447    306    598    462    803    955    653    484    867
    334    490    650   1031    938    369    118   2175    710    604
    545    572    407    587    697    271    698    251    765    709
    529   2177   2309   2352   2205   3599   2187   2466   2054   2142
   2263   2791   2651   2061   2131   2801   2506   2146   2202   2255
   2601   2400   2469   2356   2370   2003   2188   2731   2144   2081
   2439   1414   1891   1615   1906   1461   1670   1881   1426   3723
   4431   4128   2988   3388   4597   4522   4279   3893   3772   2961
   4140   3761   3535   3115   3984   4024   4154   4097   4416   4283
   3990   3809   3414   4125   4482   3230   3905   3509   3627   4490
   3366   3379   3920   4111   3075   3955   3763   3134   3740   3399
   4175   4503   4126   2859   3970   4570   4306   4183   3348   3297
   2863   3677   3729   4639   3624   3494   3657   4407   2823   2879
   4486   4090   3092   3847   3801   2844   2856   2958   3232   2994
   3843   3089   4171   4352   3979   3382   3590   4032   3728   3372
   3233   2890   2836   3499   4295   2861   4413   2259   2327   2582
   2345   2692   2759   2784   2000   2598   2193   2437   2258   2817
   2335   2441   2769   2373   2519   1978   2368   2593   2752   2679
   2777   2190   1947   1982   2663   2684   2170   2814   2567   2341
    227   2152   2820   2484   2243   2672   2307   2553   2436   2386
   2379   2449   2132   2486   2040   2273   2664   1070   2349   2391
   2478   2127   2388   2642   2133   2289    265   2755   2629   2024
   2214   2034   2358   2339    284   2490   2667    196    595   2383
   2509    614   2359   2181   2460   2050   2137   2561   2507   2046
   2069   2166    720   2590   2382   2159   2280   2143   2286   1999
   2317    247   2431   2230   2592   2732   2113   1997   2658   2396
   2623   2764   2735   2740    389   2099   2614   2374   2215   2464
   2158   1979   2751   2757   2690   2154   2224   2475   2334   2294
   2350   2700   2444   2705    408    567   2256   2668   2750   2288
   2467   2198   2049   2734    888    899   2707   2786   2641   2344
   2511   2126   2322   2420   2557   1985   2035   2611   2125   2761
   2635   2637   2134   2018    277   2039   2058   2168   2457   2362
   2183   2089   2753   2351   2217   2673    503   2048   2385   2480
   2029   2153   2414   2454   2746   2596   2681   2545    972   2216
   2180   2078   2128   2564   2130   2562   2051   2766    501   2337
   2037   2257   2121   2375   2305   2502   2264   2208   2516   2419
   2260   2620   2119   2760   2407   2694   2053   2241   2189   2669
   2141   2647   2234   2090   2246   2788   2406   2405   2587   2686
   2107   2525   2718   2064   2551   2435   2179   2542   2644    349
   2194   2060   2680   2252   2076   2163   2578   2278   2659   1992
   2006   2088   2148   2363   2816   2269   2155   2802   2426   2489
   2456   2532   2298   2621   2366   2738   2653   2408   2468   2745
   2699   2353   2563   2721   2112   2782   2389   2522   2265   2434
   2418   2499   2529   2211   2618   1988   2615   2523   2747   2397
   2103    514   2237   2570   2357   2310   2445   2083   2027   2409
   2810   2573   2096   2739   2399   2422   2712   2355   2261   2045
   2498   2774   2291   2066   2020   2016   2145   2427   2756   2796
   2595    311   2238   2591   2708   2369   2169   2038   2666   2778
   2574   2709   2608   2328   2392   2704   2632   2296   2068   2678
   2720   2325   2197   2009   2028   2627   2116   2332   2493   1989
   2743   2795   2785   2675   2013   2696   2797   2044   2603   2313
   2526   2311   2571   2276   2110   2140   2670   2031   2470   2218
   2517   2272   2360   2780   2798   2253   2539   2733   2748   2812
   2633   2597    467   2204    426   2017   2640   2267   2594   2292
   2655   2702   2372   2691   2639   2281   2538   2384   2032   2472
   2728   2387   2580   2342   2059   2086   2074   2455   2425   2560
   2631   2815   2717   2302   2008    553   2803    660   2429   2200
    970   2794   2636   2722   2443    485   2222   2266   2762   2277
   2249   2613   2320   2199   2100   2160   2087   2711   2488   2365
   2787   2117   2586   2010   2685   2741   2151   2792   2492   2236
   2299   2171   2501   2354   2129   2625    216   2543    629   2726
    406    834   2213   2432    341   2584   2082   2789   2477   2521
   2811   2084   2235   2030   2703   2550   2652   2174   2274   2338
   1981   2452   2318   2804   2505   2239   2583   2297   2376   2577
   2149   2512   2619   2697   2818   2371   1990   2380   2101   2244
   2077   2656   2314   2654   2115   1984    594   2042   2124   2279
   2585   2348   2515   2430   2494   1973   2123   1376   2361   2043
   1325   1467   1823   2093   1623   1466   1391   2108   1451   1821
   1404   2537   2483   1462   1383   1346   2487   1384   5279   5278
   5277   5276   5275   5274   5273   5272   5271   5270   5269   5268
   5267   5266   5265   5264   5263   5262   5261   5260   5258   5257
   5256   5255   5254   5253   5252   5251   5250   5249   5248   5247
   5246   5245   5244   5243   5242   5241   5240   5239   5238   5237
   5236   5235   5234   5233   5232   5231   5230   5229   5228   5227
   5226   5225   5223   5222   5221   5220   5219   5218   5217   5216
   5215   5214   5213   5212   5211   5210   5209   5208   5207   5206
   5204   5203   5202   5200   5199   5198   5195   5194   5193   5192
   5191   5190   5189   5185   5183   5182   5181    116   5180   5178
   5177   5176   5174   5173   5172   5171   5169   5168   5167   5166
   5163   5161   5160   5159   5158   5157   5156   5155   5154   5153
   5152   5151   5150   5149   5148   5147   5146   5145   5144   5143
   5142   5141   5139   5138   5136   5135   5134   5133   5132   5131
   5130   5129   5128   5127   5126   5125   5124   5123   5122   5121
   5120   5119   5118   5117   5116   5115   5114   5113   5112   5111
   5110   5109   5108   5107   5106   5105   5104   5103   5102   5101
   5100   5099   5098   5097   5095   5094   5092   5091   5090   5089
   5088   5087   5086   5085   5084   5083   5082   5081   5080   5079
   5078   5077   5076   5075   5074   5073   5072   5071   5070   5069
   5068   5067   5066   5065   5064   5063   5062   5061   5060   5059
   5058   5057   5056   5055   5054   5053   5052   5051   5050   5049
   5048   5047   5046   5045   5044   5043   5042   5041   5040   5039
   5038   5037   5036   5035   5034   5033   5032   5030   5029   5028
   5027   5026   5025   5023   5022   5021   5020   5019   5018   5017
   5016   5015   5014   5013   5012   5011   5010   5009   5008   5007
   1468    853    670    533    335    307    249   2674   2347   2657
   2569   2535    338    364   2638    897   2036   1838   2609    397
    811    635   2287    764   1586    210    578    313    478   2767
   1621    372   1610   1740   1883   1723   1730   1651    827    588
   2023    497   1733    889   1614   1528     89   1908    246   1450
   1256   1456   1650   4415   1789   2097   2622   2646   2805   2768
   2075   2606   2495   1974   2306   2776   2225   2649   2662   2182
   2534   2421    491   4724   2248   4643   2807   2343   3629   2428
   2723   2588   2105   2540    305   2496   2604   2528   2716   2191
   2333   2763   3103   1866    239   1892   1547   1534   1922   1900
    870   1682   2813    224   1747   1380   1918   1327    601   1924
   1582   1658   1636   1681   1799   1824   1893   1773   1779   1853
   1579   1792   1609   1867   1805   1777   1350   1830   1754    509
    262   1847   1917    546   1782   1600    451   1676   1919   1716
   1743   1798    340    608   1888   1836   1927   1647   1737   1641
   1791   1756   1709   1727   1601   1548   1674   1718   1846   1545
   1785    517    535   1729   1541   1642     98   1877   1842   1648
   1566   1557   1907   1587    436   1897   1699   1554    218    353
   1560   1569    755   1755   1556    627    661    846   1635   1713
    281    621   1578   1760   1731   1549   1251   1363   1796   1562
   1800   1668   1714   2565   1607   1624   1523    536   1613   1622
   1834   1749   1565    293   1843    411   1795   1870   1869   1563
   2065   1828   2184   1815   1899   1595   4864   4890   4881   4852
   4887   4869   4879   4862   2855   4016   3932   4925   4751   4666
   3432   3626   4219   2901   3350   4178   3377   3124   4543   4803
   3505   4294   2963   4054   3577   4030   4380   3059   3746   3416
   3099   4539   4633   3536   3525   4301   4218   3396   3102   3981
   4261   2977   4523   3836   4524   3735   3515   4101   3806   2991
   4042   5004   3270   4173   4472   4704   4066   3640   3625   4802
   3093   2887   4288   3413   3919   3422   4044   3428   3028   3243
   3094   3882   4418   4765   3285   3447   3401   3918   4410   4825
   3341   3596   4690   4031   3482   2979   3695   3006   4465   3928
   3504   3104   3303   4355   3066   3797   3346   3439   4556   3084
   3541   4242   4148   3446   2934   3898   2930   3497   3308   3901
   4334   3440   4325   3253   3146   3588   3402   3664   3975   3936
   3035   3469   3753   4455   3480   3601   3631   3450   3403   1728
   1241   1559   1458   1321   1771   1750   3926   1348   1827    488
    754    374   2022   1328    285   2367   1232   1983   2073   2630
   2648    464   2161   2136   1788   2290   2285   2102    753    706
   1902    590    805   2559   2676   2033   2295   2626    317   1362
    186   2438   2572   2381   1531   1235   2095   2544    336   2330
   2331   2549   2340   2643   2271   2192   2719   2485   2070   2440
   2164   2688   2206   2714   2479   2589   2139   2413    472   2052
   2790    375   2710    431   1986   2749   2047   2178   1936   2247
   2324   2530   2783   1874   2301    280   1991   2403   2402   2706
   2057   2617   1879   2114   2510   2176   1809   2207   1620   5259
   5224   5205   5197   5196   5188   5187   5186   5175   5170   5165
   5164   5162   5140   5137   5096   5031   5024   2701   2695   2476
   2393   2312   2232   2120   1923   1921   1916   1914   1911   1905
   1890   1889   1882   1880   1878   1876   1839   1826   1819   1817
   1806   1783   1780   1775   1769   1736   1732   1719   1711   1708
   1700   1695   1693   1691   1669   1666   1653   1599   1589   1542
   1537   1535   1521   1463   1446   1445   1442   1440   1439   1436
   1420   1408   1392   1374   1368   1344   1341   1340   1324   1317
   1312   1263   1260   1252   1245   1242    969    225   1685   1812
   2283   1912   2067   1875   3498   1896   1664   2736   1471   1576
   1603    180   2062    133   1313   1264   1816   2665    527   1394
    603    728   1431   1398    836   1214   1413   1410   1863   2566
   1469    360   3295   1443   1804    874   3788   1794   1381   2282
   2918   2772   2172   3249   4679   2871   3220   2319   3412   2671
   2242   2808   2220   2167   2245   2556   2080   2079   2377   2447
   2072   2015   2240   2412   2323   2558   3036   2364   2410   2025
   2661   2771   2254   2212   2109   2779   2518   2682   2315   2398
   2442   2473   2605   2616   2433   2725   2321   2111   2210   2394
   1409   1608   2250    288   1628   1390   1583   2186   1697   1701
   1255   1356   1694   1536   1915   1845   1673   1680   1472   1248
   1659   1864   2952   3128   4504   4763   3086   3520   4778   4850
   3218   4568   2920   3389   3196   4014   4146   3962   3122   3007
   1424   1524   1316    522    201   1721   1540   1704   1818   2610
   2104   2329   2268   2624   2524   2056   1868   1632   1338   1849
   1786   1762   1649   1837   1679   1776   1765    814   1594   1802
    362   1683   1597   1758   1859   1538   1453   1770   1813   1581
    990   1895   1822   1686   1602   1913   1633   1722   1856   1539
   2933   2831   2799   4296   2819   2223   2514   3666   2231   2316
   2541   2687   2055   2555   2742   4819   2085   2781   2645   2546
   2026   2547   2417   2002   2094   1734   2346   1657   1342   1852
   1452    640   2660   1345   1253    304   2098   1998    445   2156
   1910   1310   2162   2628    220   5201   5184   5093   4086   3214
   3907   4214   2689   2693   2446   2308   2650   1980   1619   1660
    494   2001   1692   1832   1369   1240   1710   1555   2773   3466
   3768   5179   1854   1803   1257    191   2554   1405    273   1427
   1473    544   1616   1386    292   1402   1308    599    548   1305
   1948   1945   2793   2770   2576   2531   2453   2715   2336   1678
   2424   2395   2173   2378   2809   2147   2513   1459   2800   2270
   2138   1808   4051   1631   1833   2300   1654   1592   1844   1530
   1419   1887   1684   1920    382   1829   2118   1925   1688   1580
   2459   2602   2698   2275   2575   2634   2857   4339   1857   2411
    429   2765   2157   2195   2416   2011   1422   2552   2677   2458
   1994   2758   2520   2092   2683   2744   2713   1571    207   1726
   1689   1262   1337   1236   2497   1411   1763   2847   1778    318
    172    688   1851   1690   1444   1707   1309   1593   1735   1640
    291   1752   1810   1399   1814   1306   2165   2503   2461   1389
   2005   2012   1634   2226   1903   1388   1996   1987   3380   1546
   2007   1855   1588   2122   1746   1606    209   2019   1768   1543
   2527   1577   1644    939   1811    258   1751   1331    100   2014
   2727   2326   2221   1748   1784   1393   1841   2754   2581   1227
   2463   2304   1790   1739   3770    303   1793    330   2303   1318
   1372   1421    420   1460   1416   1567   1612   2293   1584   2415
   2599   1702   1332   1639   2612   2600   2135   2482   1618   2423
   1894   1781   1825   1675   1568    513    482    208    376   1656
   1950   1850   2091   2500   2209    185   2806   2536   1764    381
   1243    891   2474   1246   1247   2465   1645   1605   2229   2491
   1677   2737   2775   2481   2106   1886   1367   2607   1860   2450
   1926   2401   2041   2533    183   1400   1249   2021   1527   2004
   1552   1774    324   1254   1759   2203    609    800   1330    551
    319    410   1470   1861   1862   1550   1901   1357   1558   2284
    386   2404   1604   2568   1898   1360   1437   1474   2448   2233
   2508    205   1378   1429   1375   1572   1234   1590   1820   2504
   2729   1475   1872   1767   1486   2724   1455   1387    230   2462
   1626   1909   1561    229   1532   1428   1993   1434   2228   1377
   2548   1544    388   1358   1661    786   1738   1283   1835   1403
   1487   2852   2063   1672   1353   1665   1725   1753   2251   1840
   1698   1334    286   2219   2451   1629    195   1885   2390   1715
   1865   1858    217   1464    213    282   1457   2185    212   1904
    593   1720   1336   1807   1724   1339   1625   1564    458   1333
   1638    565   1370   1696   2227   1667    194   1448   1643   1591
   2196   1418   1662   1627   1449   1311   1553   1237   1397    592
   1646   1705   1744   1570   2150   1320   1617   1323   1526   1801
   1259   1250   1329   1831   1395   1314    453   1598    237   1871
    354   1797   2579   1412   1761   1637   1365   1415    256    773
    236    612   1573   1438   1757   1352   1354   1343   1361   1712
   1238    657   1425   2071   1652   1231   1435   1322   1441   1433
     97   1233    252    329   1319    373   1401   1787   1432   1261
   1630   1671   1574   1533   1373   1239   1706    184   1447   1303
   1385   1663   1258   2835   1963   1315   1359   1529    283    202
   1307    254   1406   1966   1454   1244   2201    223   1366    187
    449    696   1745   1423   1772    278   2834   2840   2827    379
    758    417     71    643    437    276   1465   1766    297   1417
   1430    204   2262   1407   2841   1551   1611   1364   1585   1508
   1213   1703   1741    423   1960    679   1939    492   1995   1884
    248    487   1396   2850   2830   1972   1951    177   1961   1230
   1295   2833   1351   2471   1873   2849   2848     60   1968   1355
    290   2838   2825   1516   1326     76   1485   1928   1274    558
   2843   1575   1279   1940   1480   1335   1938   1285   1224   1964
   1522   1212   1379   1933   1935     68   1371     99    554   1349
   2851     55     80   2839   1687   1382   1304   1517   2854   1292
    394   1228   1500    127    645    840   1489   1504   1655   1717
   1934   1976   1977   2821     75     69   1505   1290    235   1492
   1478   1481   1265   1491   1949   2822   1932   1742   1289   1477
   1931   1218   1280   1501     52   1278   1509   1281   1959   1271
    363   1958   1483     84   1270   1286   1519   1497   1490   1276
   1288   1223     62   1596   1946   1293   2730   1275   1221   1229
   1347   1965   1496   1484   1942   1273   1296   1511   1482   1495
   1506   1269   2845   1943   1498   1300   1298   1954   1282   1969
   1217   1953     74   1219   1267   1941   1220   1502   1962   1848
   1967     61   1518     50   1488     56   1284   1294   1225   1266
     51   1272     64   1952   1944   1493   1302   1971      5   1499
   1268     70   1514   1297   1515     58     67     47   1525   1929
   1970      6   1216     49   1975   1957   1510      2     57     53
   1479   1507   1937   1476   1930   1277     59   1955   1503   1956
   1494      3   1226   1291   1513   1520   1222   1215     63   1299
      1      4     78   1301   1512   1287     54    636     48   5271
   5248   5262   5272   5229   5242    779    778    777    776    775
    774    773    772    771    770    769    768    767    766    765
    764    763    762    761    760    759    758    757    756    755
    754    753    752    751    750    749    748    747    746    745
    744    743    742    741    740   5238   5279   5244   5214   5221
   5155   5250   5277   5112   5216   5249   5236   5257   5078   5212
   5173   5269   5223    739    738   5237   5106   5136   5232   5033
    737    736   5203   5135   5086    735   5273    734   5113    733
    732    731   5164    730    729    728    727   3807    726    725
    724    723    722    721    720   4981   3927   5108   4709    719
    718    717    716    715    714    713    712    711    710    709
    708    707    706    705   3598    704   2837    703    702    701
    700    699    698    697    696   5124    695    694    693    692
    691   4324    690    689    688    687    686    685    684    683
    682    681    680    679    678    677    676    675    674    673
    672    671    670    669    668    667    666    665    664    663
    662    661    660    659    658    657    656    655    654    653
   4661    652   2325   2816    651   5068   2815    650   4322    649
   1969   4795   4998   4766   4161   5020    648    647    646   4566
   2814    645   4917   4887   3048   2813   1696   2812   2811   4445
   5010   1824   5042   4832    644   4649   4758   4697   3786   2810
   4899   4895    643   2281   3427   4893   3939    642   4535    641
    640   5018   3864   4308    639   3011    638   4854   4849   2820
    637    636   1909   5139   4961   4949    635   3855   2178   2809
    634   2808    633    632   3809   3072   5061   3767   2807   2848
   4983   2806   5012    631   4959   2078   4706    630   2272    629
   3891   2805   2804   3037    628    627    626    625    624   2846
    623   4569    622    621   5036   3135   5026    620   4206   3951
   4896   5009   3045   4135   4883    619   4404    618   5081   4671
   4575   3974    617    616    615   5039    614   2803    613    612
    611   4726   4526   3845   2823   3766    610   2802    609   3292
    608   3788    607   2443    606   4159   4660   4811   1206    605
   2801    604   4803    603    602    601    600   4984   4728    599
    598    597   2831   3765   4169   1584   3773    596   3903   3435
   2819    595    594    593   2800   2799    592   3210    591    590
    589   3940   4951   1477    588   2294   2798    587   4342    586
   4471   5161   3774   1234    585    584    583   2836    582    581
   3792   4986   4132   4192   4759   2797    580   5030    579   4770
   4615    578    577   2796   4821    576   4863   3085   1375   2795
    575    574   5121   2794   2793   3780   1041   2691    573    572
   2792    571   2791    570   3431   2843   3105    569   4812   3976
    568    567   1901    566    565   5032    564    563   4733    562
    561   5054    560   2582   3355    559    558   4631    557   4194
    556    555   2561    554   3935   5035    553   2409    552    551
    550   2790   2789   4529    549   2822    548   5021    547   3897
    546   4947   2788    545    544    543   4909    542    541    540
   2825    539   4142   2817    538   3353    537   2787    536    535
   4189   2786   2785   2784    534    533   3789    532   2783    531
   4757   2073   2829   3396    530   5062   4130   2782   2832   3833
   5058    529   4551    528    527   3802   2781    526   2780   3169
    525   3147    524    523    522    521   2779   3890    520    519
    518   4756   3262   1372   2778   3922    517   1809   2777    516
   4444    515    514    513   2776   4329    512   2851    511   1988
   1983   3764    510   3923   3968   2775    509   1519    508   2774
    507   1711   4572   2841   3894    506   4579    505    504   4810
    503   3386   5109    502   2305   2773   5090    501    500    499
   2772    498    497   4912    496   3106   2771    495    494    493
   2842   2770    492   2769    491    490   3787   2190    489    488
    487   2768    486   2767    485   2844   3800    484   4152    483
   4930   4901   3477   3049   2766   2765   2824   4578    482   3869
   2448   4331   2840    481    480    479   3904   4807    478   1348
   4962    477   3052   2764    476    475    474   1637   2470   3952
    473    472   2763   1899   2762   3946    471   3429    470    469
    468   1089    467   3782   5278   2761    466   2760   4522    465
    464   5034    463   5125    462    461    460   2759   2833   1485
    459   2828   2758    458   2757   4972    457   1967   3388   3947
    456   2756    455    454    453    452    451   2755   3763    450
   2754   2753    449    448    447    446    445   5056    444    443
    442    441    440    439   2821    438   4662   2752    437    436
   1538    435    434    433   5022   2845   2847   2751    432   2750
    431   2749   2748    430   4150    429   2747   2850   2839    428
    427    426    425    424   2746    423    422    421   3063    420
    419   2440    418    417    416    415   4332    414    413    412
    411    410   2745    409    408    407    406    405    404    403
    402    401    400   1416    399    398    397    396    395    394
    393   4149   4131   3943    392   2744   5031    391    390    389
    388    387   3784   2849    386    385    384   2743    383   1154
    382   4960    381    380    379    378    377    376    375    374
   2742   2711    373    372   4866   2741   2437    371    370    369
   2312    368    367    366    365    364    363    362   4808   2464
    361   2826    360   4153    359    358    357    356    355   3781
    354    353   4468    352    351    350    349    348    347    346
    345    344    343    342    341   3799    340    339    338    337
    336    335   3432    334   4335    333    332    331   5126    330
    329    328    327    326   3948    325    324    323    322    321
    320   3762    319    318   2740    317    316    315    314   2424
    313    312   2818    311    310   2830    309    308   3861    307
    306    305   4346    304    303   2739    302    301    300    299
   2738    298   2737    297    296    295   3115   3804    294   4772
   2736    293    292    291    290   3776    289   3116    288    287
    286    285    284    283    282    281    280    279    278    277
    276    275    274    273    272    271    270    269    268    267
    266    265    264    263    262    261   2735    260    259    258
    257   2734    256    255    254   2733   2835   4704    253    252
    251    250    249   1700    248    247   2732   2731    246    245
    244    243    242   2827    241    240    239    238   2730    237
    236    235    234    233    232    231    230   4307   3391    229
   3159    228    227    226    225    224    223    222    221    220
    219    218    217    216    215    214    213    212   4481    211
    210    209    208    207    206    205    204    203    202    201
    200    199    198    197    196    195    194    193    192    191
   2597    190    189    188    187    186    185    184    183    182
    181    180    179    178    177    176    175    174    173   2834
    172    171    170    169    168    167    166    165    164    163
    162    161    160    159    158    157    156    155    154    153
   2181    152    151    150    149    148    147    146    145    144
    143    142    141    140    139    138    137    136   3028    135
    134    133    132    131    130    129    128    127    126    125
    124   2429    123    122    121    120   2729    119    118   1387
    117    116    115    114    113    112    111    110    109    108
    107    106    105    104    103    102    101    100     99     98
     97     96     95     94     93     92     91     90     89     88
     87     86     85     84     83     82     81     80     79     78
     77     76     75     74   2728     73     72   2727     71     70
     69     68     67     66     65     64     63     62     61     60
     59     58     57     56   1182     55     54     53     52     51
     50     49     48     47     46     45     44     43     42     41
     40     39     38     37     36     35     34     33     32     31
     30     29     28     27     26     25     24     23     22     21
     20     19     18     17     16     15     14     13     12     11
     10      9      8      7      6      5      4      3      2      1
   5102   5051   4336   5268   5243   5201   5152   5204   5207   5179
   5267   5172   5099   5219   5263   4720   5122   5180   5070   4976
   4137   4982   4837   4166   4654   4928   4971   4996   4556   4121
   4306   4771   5016   4305   4774   4775   4420   4797   4942   3957
   4304   4525   4804   4411   3811   4565   5003   4941   4303   4990
   4652   4302   4326   5143   5220   5205   5231   5192   5165   5160
   5222   5186   5089   5178   5170   5256   5156   5093   5153   5158
   5199   4868   5217   5098   5166   5276   5171   5149   5138   5264
   5120   5176   5218   5071   5187   5234   5197   5270   5196   5274
   5227   5000   5117   4580   4676   5011   4577   4667   4532   4926
   4301   4325   4946   5006   4443   4300   4730   4985   4936   4124
   4978   4938   4299   3491   5085   3868   4134   4943   4809   4708
   4743   4910   4882   5096   4903   4653   4459   4906   4298   4297
   4519   4968   4296   4524   3506   5181   4128   5110   3887   5073
   4966   4875   4967   5080   4412   4818   4864   5007   4826   4969
   4160   3958   5048   4957   5019   4787   4295   4555   4913   5107
   4731   4995   4294   4835   3488   4860   4833   5103   3866   4349
   5116   3505   3508   5001   4574   4848   4686   4680   4406   3497
   4293   4716   4330   4945   5063   4929   4334   4674   4796   4987
   4576   4870   3501   4568   5013   5044   4292   4401   4338   4656
   4954   4337   2882   4958   4735   5040   4922   4611   4291   4732
   4637   5024   4441   4973   2889   4570   4856   4834   5041   4333
   4989   4980   4858   4977   4290   4827   4964   4289   4288   4979
   4287   4344   4665   4286   4285   4999   4918   4925   3810   3499
   4521   4477   5015   4847   3812   4897   4123   4598   4734   2886
   3504   4284   4894   5037   3496   3492   3761   4341   4813   4319
   4419   4571   4828   4842   5254   5150   5141   5251   5095   5142
   5189   5163   5184   5087   4845   4871   5215   5127   5169   5144
   5140   5226   5261   5190   5183   5168   5195   5230   5123   5154
   5208   5259   5128   5137   5191   5252   5050   5157   5247   5188
   5275   5265   5233   5235   5084   5118   5213   5167   5266   4283
   5101   3967   4442   5239   4939   4799   3806   5008   4610   4165
   4855   4994   3858   4282   4414   4281   4476   4490   4447   3925
   4280   4700   4862   3920   4690   3857   3916   3956   4816   5046
   4801   4927   3938   4558   3945   3932   4819   4122   3941   4853
   3960   3980   4908   3973   3931   4736   4755   3942   4934   4648
   4836   4963   4993   5092   4320   4702   3953   3881   4620   4480
   3871   4407   4739   5049   3785   3934   4693   4279   4838   4920
   4608   4668   4469   3986   5174   4473   4948   4278   3896   3915
   4485   4321   4823   4778   4696   3965   4402   3883   3793   5047
   4737   3969   3805   2884   4573   4937   4749   4549   4219   3791
   3970   3495   3966   4907   4851   4924   4405   4886   4991   4604
   4458   4487   4683   3949   3873   4956   4911   4744   4670   3910
   3926   4919   4703   4777   4931   3908   3930   4463   3813   3798
   4975   4277   4607   5129   4760   4518   3872   4421   4550   4865
   4923   5002   4317   4876   4276   4916   3962   4275   2887   4992
   4874   4417   3917   4754   3898   4781   4590   4465   4418   3874
   3862   4472   4613   4309   4484   5115   4619   4651   4664   4274
   4553   4273   4413   4272   4914   4409   4881   3937   4271   4410
   4742   5052   4448   4932   4997   4666   4270   3913   4557   4269
   4970   3950   3963   4890   3900   5130   3918   4268   4902   4446
   4488   3796   4905   4877   4650   3914   4120   3924   3797   3955
   4267   3803   4516   4669   4266   3909   4867   4724   3794   5053
   5148   3901   4933   5023   4695   3865   4714   3972   4126   4707
   4672   4878   3889   3944   3912   4965   4474   4805   3954   4955
   4462   4657   4769   4467   5038   4844   4699   4265   4478   4125
   5025   3878   4802   4264   4466   3886   4659   3879   4263   4752
   3895   4262   4715   3921   4461   4988   4145   3815   4723   3911
   3882   4727   4348   3977   3959   4952   3902   3875   3961   4940
   4470   4564   4345   3885   4261   4904   4602   4217   4673   4705
   4310   4479   4675   3984   4327   4260   4449   4259   4839   3500
   4483   3493   3876   4753   4258   4129   3982   4616   3888   4944
   4554   4605   3971   4869   3906   4464   3778   4257   4880   4717
   3929   3975   4609   4416   3919   3892   5210   4460   4762   4663
   4520   3880   4563   4692   4489   4629   4892   4475   4789   4814
   4815   4339   4422   4891   3854   3884   4457   3979   3978   4950
   4843   5075   4204   4314   4256   3928   4255   4213   4254   2888
   4253   3795   5060   4888   4786   4612   3905   4252   4251   2883
   3856   3877   4751   4482   4316   3936   4825   3985   3860   4817
   4151   4685   4900   4250   2885   3933   3808   4852   4531   4249
   4312   4486   4248   4415   4247   3893   3867   3899   4614   4246
   3859   4245   3870   4618   4791   3907   5088   5240   5255   5151
   5147   5104   5131   5105   4199   5253   5097   5057   5094   5206
   5185   5194   5225   4582   5175   3003   4581   5145   4761   5067
   5224   5202   5198   5258   5260   5246   5162   5159   5055   5069
   5209   5005   5100   5182   5014   5211   5079   5200   5241   5228
   5066   3486   3824   5245   5132   5133   2996   3092   4548   3451
   3004   4138   3476   3126   4195   4688   3256   3320   3467   4207
   3220   4857   4641   5059   4687   3078   4528   3070   2985   4552
   4514   2876   4800   4681   3221   4691   3385   3314   3414   4636
   4682   3325   4710   4372   3286   3356   3134   4698   3285   4798
   4133   3801   3040   4380   4511   3269   3315   3151   3444   3338
   3369   4156   3042   3127   3777   3171   3298   3136   3025   4793
   3478   3490   3328   3280   3060   4197   3148   3113   3056   3167
   4190   3187   2859   4503   4456   4211   3137   3375   3212   2864
   4323   4873   3204   3981   3284   4313   3309   3061   4179   4974
   4371   4139   3377   3821   3215   3471   3162   4368   4367   2880
   3437   3268   3442   4507   3376   3407   3222   3142   3194   4763
   4644   3494   4515   4167   3273   3816   4527   3086   3405   3469
   4148   3261   4451   3843   4785   3201   3498   4385   3335   4398
   3245   3077   4214   3475   3317   3412   4617   3183   4244   3173
   4694   3487   3479   3129   3122   3032   3163   3425   3165   2865
   3023   3035   3133   4747   4144   3057   4601   4187   3336   3191
   2860   3068   2879   3287   2868   4596   3223   3461   4935   3417
   3012   3152   3096   3227   4530   4633   3091   3066   3406   4143
   4533   3216   4181   4677   3062   4364   3138   3297   3007   3422
   4353   4593   3448   2838   4216   2852   4198   3207   3161   3054
   3830   3141   3983   4898   4408   2857   2877   3189   3002   3850
   4176   2987   3211   4634   4921   3313   3112   3404   3390   5017
   2869   4806   3354   2855   4183   4218   3178   4765   4399   3254
   4384   3433   3041   3089   3160   3145   3340   4884   4363   4713
   3397   4496   3097   3827   4684   4915   4859   4779   3074   4499
   4243   4830   3193   3443   3420   3263   3293   3456   4373   3188
   4361   3015   3470   4365   3195   4200   3835   3401   4403   4879
   3214   3346   4383   2870   3107   3172   2989   2978   3181   3279
   5043   2861   3177   3249   3398   3358   4453   3226   4600   4175
   3342   3026   3449   4624   3334   3400   3218   3480   3067   3366
   4350   4311   4820   4147   3069   3783   3110   3036   4146   3283
   3360   4738   3100   4157   3308   3458   3233   3421   4606   4205
   3384   4729   4722   3175   3825   3017   4546   2853   3266   3332
   4242   3330   3473   4389   4500   3071   3453   4358   3403   4397
   3123   4375   4201   3312   4712   2979   3304   4452   4170   4171
   3318   3851   3099   2991   4589   3170   3450   3044   4173   3010
   3374   3838   3120   2981   4517   3769   3482   3029   3101   3144
   2854   3242   3424   3278   2874   3265   3043   3053   3343   3489
   3140   3224   4378   3410   3235   4136   2997   3296   2875   3466
   3363   2994   3088   3174   3459   4369   4594   3021   3468   4164
   3065   3050   3368   3149   3020   3372   3033   3247   4889   3030
   3305   4241   4400   4592   3080   3260   4390   3275   2872   4792
   4209   4208   4822   3198   3197   3185   3238   3270   4379   4630
   4374   4188   3153   4740   4635   4513   3251   3180   3124   3832
   3276   4750   4591   3379   3229   3288   3840   3389   3484   3073
   3434   4395   3250   3206   3019   2988   4162   2881   4180   2992
   4391   3395   3103   3267   4545   4370   4829   3022   4790   4885
   3452   4587   3154   3378   3231   3139   4640   4621   3055   4679
   4850   4721   3090   4776   2858   3111   3239   2873   3339   5074
   3370   4392   4773   3098   4240   3439   3031   4185   3150   4784
   4748   3503   3014   4178   3024   3507   3409   3230   3046   4780
   3419   3319   3485   3823   3846   4655   3281   3252   4764   3423
   3176   4678   4840   3455   2867   3059   4831   3051   4215   3121
   3462   4597   4497   3483   3179   3341   4387   2995   4643   3440
   3248   3258   4455   3202   3331   4701   3848   3253   4202   4586
   3232   4794   3831   3772   4768   3502   3367   3347   3844   4501
   3208   3428   4168   3158   4510   4512   4861   4172   3446   3205
   4638   3018   4567   4504   4366   3125   4376   4154   3380   3058
   3166   3243   3164   3964   4340   3009   4824   3771   3264   3333
   4163   3272   3301   4625   4585   3460   3217   4953   3373   4719
   2980   3457   3436   3481   3413   3199   3842   4186   3064   3294
   3075   2998   3359   3291   3156   3352   2986   4741   4746   2871
   4622   3329   3847   4393   3822   4788   3303   3779   4450   3128
   4745   3402   3087   3257   4394   4212   3255   3463   3182   3234
   3817   3081   4454   3426   4158   3316   4534   3039   4140   3381
   3307   3351   4626   3131   3393   3132   3775   3365   3357   3119
   3034   4174   3209   4509   3818   3192   4141   3828   4547   2863
   3447   3237   3474   3361   3472   3770   3079   3219   4523   4381
   3829   3005   3027   4328   3299   3047   3108   3190   3337   4360
   3016   3146   3768   3324   4155   4639   3310   3000   3213   3157
   4388   4645   3006   3415   3200   4502   4182   4543   3095   3364
   2982   4544   3186   4239   3326   3464   4623   3241   3102   4238
   3362   3445   3306   3104   4210   3117   3295   3302   4193   3408
   3277   4647   4184   4588   3849   3383   3203   4177   3311   3244
   3394   3841   4846   4396   3430   4711   3371   4841   5177   2878
   3076   3348   3114   3083   4318   4782   3236   3274   3084   3416
   4505   3321   4646   3240   3155   3259   3349   4196   3109   3093
   2999   3143   4718   3038   3289   3094   4642   2983   3184   3130
   3399   3852   3082   4632   3168   3790   3820   2993   4584   4382
   4352   4559   3282   4783   3826   3001   3300   4386   3344   4508
   3246   4203   2984   3323   3118   3411   3196   3438   4191   2862
   3418   4583   3392   3322   3290   3327   3345   4493   4599   2866
   3228   3387   3454   3819   4767   3837   4362   4595   3271   3441
   3350   3863   3008   3382   3225   2990   3465   4495   3013   5134
   5146   2949   2726   5083   2725   5029   2724   2723   5065   4492
   2722   5072   5027   5004   2973   2721   5082   5114   5028   5045
   2720   5091   2956   5193   2719   4658   5077   5076   5064   5111
   4872   2718   5119   3995   2957   4627   2717   2934   2716   2976
   2715   2941   2714   2713   2712   2710   2709   2708   2707   4356
   2706   2705   2704   2703   2702   2701   2700   2950   2699   2698
   2697   2696   2695   2694   2693   4052   2692   2690   2972   2689
   2688   2687   2686   2685   2684   2683   2682   2681   2680   4004
   2679   2678   2677   2676   2675   2674   2673   2672   2671   2670
   2669   2668   2667   2666   2665   2664   4351   2663   4433   2662
   2661   2660   2659   2658   2657   2656   2655   2654   4097   2653
   2652   4491   4095   2651   2650   2649   2648   2647   2646   2645
   2644   2643   2642   2641   2640   2639   2638   2637   2636   2635
   4423   2634   2633   2632   2631   2630   2958   2629   2628   2900
   2627   4013   2626   2625   2624   2623   2622   2621   2620   2619
   2618   2617   2616   2615   2614   4032   2613   4076   2612   2611
   2610   2609   2608   2607   2606   2605   2893   2604   2603   4040
   2602   2601   2960   2600   2599   2598   2596   2595   2594   2593
   2592   2591   2590   2589   4078   4440   2588   2587   2586   2585
   2584   2583   2581   2580   2579   2578   2577   2576   2575   2574
   2573   2572   2571   2570   2569   2568   4059   2567   2566   2565
   2564   2563   2562   4111   4377   2560   2559   2558   2557   2556
   2555   2554   2553   2552   2551   2550   2549   2548   2547   2546
   2545   2544   2543   2542   2541   2540   2539   4018   2538   2537
   2536   2535   2534   2533   4085   2532   2531   2530   2529   2528
   2527   2526   2525   2925   2524   2523   2522   2521   2520   2519
   2518   2517   4090   2516   4427   2515   2514   2962   2513   2512
   2953   4051   4061   2511   2510   2509   2508   4021   2507   2506
   4029   3853   4082   2505   2504   2503   2502   2501   2500   2499
   2498   2497   2496   2904   2495   2494   2493   2492   2491   2490
   4439   2489   4008   2488   2487   2486   4424   2485   2484   2483
   2482   2481   2928   2480   2479   2478   2477   2476   2475   2474
   2473   2472   2471   2469   4105   2468   2467   2466   2465   2463
   2462   2461   2460   2459   2458   2457   2456   2455   2454   2453
   2452   2451   2450   2449   2447   2446   2445   2444   2442   2441
   2439   2438   2436   2435   2434   2433   2432   2431   2430   2428
   2427   2426   2425   2423   2422   2421   2420   2419   2418   2417
   2416   2415   2414   2413   4435   2412   2411   2410   2408   2407
   2406   2405   2404   2403   2402   2401   2400   2399   2398   2397
   2396   2395   4540   2394   2393   2392   4431   2391   4357   2390
   2389   2388   2387   2386   2385   2384   2383   2382   2916   2381
   2959   2971   2380   2379   2378   2377   2376   2375   2374   2373
   2372   4060   2371   2370   2369   2368   2367   4354   2366   2365
   2364   4104   2363   2362   2361   2360   2359   2358   2357   2356
   2355   2354   2353   2352   2351   2350   2349   2348   4043   2347
   2346   2345   2344   2343   2342   2341   2340   2339   2338   2337
   2336   2335   2334   4065   2333   2332   2331   2330   2329   2328
   2327   2326   2324   4343   2323   2940   2322   2321   2320   2319
   2318   4083   2317   2316   2315   2314   4099   2313   2311   2310
   2309   2308   2307   2306   2304   2303   2302   2301   2300   2299
   2298   2297   2296   2295   2293   2292   2291   2290   2289   2288
   2287   2286   2285   2284   2283   2282   2280   2279   2278   4071
   2277   2276   2275   2274   4087   2273   2939   2271   4005   2270
   2269   2268   2267   2266   2265   2264   2263   2262   2261   2260
   2259   2258   2257   2256   2921   2255   2254   2253   2252   2251
   2970   2250   2249   2248   2247   4007   2246   2922   4689   2245
   2966   2244   2243   2242   2241   2240   2894   4434   2239   2238
   2237   2236   2235   2234   4028   2233   2232   2930   2231   4067
   4107   4119   2230   2229   2228   2227   2226   2225   2224   2223
   4359   4054   2913   2222   4020   2221   2220   2219   2218   2217
   4056   2216   2215   2214   2213   2212   4058   2211   2210   2209
   4001   2208   2207   2206   2205   2204   2203   4088   4102   2202
   2201   2200   2199   2198   4094   4066   2197   2196   4118   2195
   2194   2193   2192   2191   2189   2188   2187   2186   2185   2184
   2183   2182   2180   2179   4560   2177   2176   4112   2175   2174
   2173   2172   2171   2170   2169   2168   2167   2166   4115   2165
   4075   2164   2163   2162   2161   2160   2159   2158   2157   2156
   2155   2154   2946   2153   2152   4098   4315   2974   2151   2150
   2149   2148   4081   4011   2147   2146   2145   2918   2144   2143
   2142   2141   2140   4037   2139   2138   2137   2136   4428   2135
   2134   2133   2132   4025   2131   2130   2129   2128   2127   2126
   2125   2124   2123   2903   4024   2122   2121   2120   2119   4091
   2118   2117   2116   2115   2114   2113   2112    784   2111   2110
   2109   2108   2107   2106   2105   2104   2103   2102   2101   2100
   2099   2098   2097   2096   2095   2094   2093   2092   2091   2090
   2089   2088   2087   2086   2085   4015   2084   2083   2082   2081
   2080   2079   2077   2076   2075   2074   4106   2072   2967   2071
   2070   2069   2068   2067   4072   2066   2065   2856   2064   4116
   2063   2062   2061   2060   2059   2058   2057   2056   2055   2054
   2053   2052   2051   2050   2049   2048   2047   2046   2045   2044
   2043   2042   2945   4049   4002   2919   2041   3839   2040   4117
   2039   2038   2037   2036   2035   2034   2033   2032   4048   2031
   2030   2029   2028   2027   2026   2025   2024   2023   2022   2021
   2020   2019   2018   2017   2016   2947   2015   2014   2013   2012
   2011   2010   4108   2009   4498   2008   2007   2006   2005   2004
   2003   2002   2001   2000   1999   2942   1998   1997   1996   1995
   1994   1993   1992   1991   1990   1989   1987   1986   1985   1984
   1982   1981   1980   4077   1979   1978   1977   1976   1975   1974
   1973   1972   1971   1970   1968   1966   1965   1964   1963   1962
   1961   1960   1959   1958   1957   1956   1955   1954   1953   1952
   1951   2890   1950   1949   1948   1947   2969   2943   1946   1945
   1944   1943   1942   4036   1941   1940   1939   1938   2929   1937
   1936   1935   1934   1933   4019   1932   1931   1930   1929   1928
   1927   4113   1926   1925   1924   1923   1922   1921   1920   2902
   1919   2927   1918   1917   1916   1915   4561   1914   4725   1913
   2899   1912   1911   1910   1908   1907   1906   1905   1904   1903
   1902   1900   1898   1897   1896   1895   4347   1894   1893   1892
   1891   1890   1889   1888   1887   4086   1886   1885   1884   2955
   1883   1882   1881   1880   4039   1879   1878   2912   1877   1876
   1875   1874   1873   1872   1871   1870   1869   1868   1867   1866
   1865   1864   1863   1862   1861   1860   1859   1858   1857   1856
   1855   1854   1853   1852   4034   1851   1850   1849   1848   1847
   1846   2961   1845   1844   1843   2954   1842   1841   1840   1839
   1838   1837   1836   1835   1834   1833   1832   1831   1830   1829
   1828   1827   1826   1825   1823   1822   1821   1820   1819   1818
   1817   1816   1815   1814   1813   1812   1811   1810   1808   1807
   4062   1806   1805   1804   1803   1802   1801   1800   1799   1798
   1797   2898   1796   1795   1794   1793   4096   1792   1791   4100
   1790   1789   1788   2917   1787   4541   1786   1785   1784   1783
   1782   1781   1780   1779   1778   1777   4068   4055   2923   1776
   1775   1774   1773   1772   4127   1771   4080   1770   1769   1768
   3997   1767   1766   1765   4110   1764   1763   1762   1761   1760
   1759   1758   1757   1756   1755   1754   1753   1752   1751   1750
   1749   1748   1747   2926   1746   1745   1744   1743   1742   1741
   4438   1740   1739   1738   1737   1736   1735   1734   2935   1733
   1732   1731   1730   4109   1729   1728   1727   2965   1726   4030
   1725   1724   2905   1723   1722   1721   1720   1719   2911   1718
   1717   1716   1715   1714   1713   1712   1710   1709   1708   1707
   1706   1705   1704   1703   1702   1701   1699   1698   1697   1695
   1694   1693   4436   1692   3996   1691   1690   1689   1688   1687
   1686   1685   2906   1684   1683   1682   1681   1680   4016   4074
   2968   1679   1678   1677   1676   1675   1674   1673   1672   1671
   4041   1670   4057   1669   1668   1667   1666   1665   1664   4603
   1663   1662   4014   1661   1660   1659   1658   1657   1656   1655
   1654   1653   1652   1651   4047   1650   1649   1648   1647   1646
   1645   1644   1643   1642   1641   1640   1639   1638   1636   1635
   1634   1633   1632   1631   4539   1630   1629   1628   2952   1627
   1626   1625   1624   1623   1622   2908   1621   1620   1619   4038
   1618   1617   1616   1615   1614   1613   1612   1611   1610   2924
   1609   1608   1607   1606   1605   1604   1603   1602   1601   1600
   1599   1598   1597   2914   2933   1596   2892   1595   1594   1593
   1592   1591   1590   1589   1588   1587   1586   1585   2901   1583
   1582   1581   1580   1579   4437   1578   4093   1577   1576   1575
   1574   1573   2907   1572   1571   1570   1569   1568   1567   1566
   1565   1564   1563   1562   1561   1560   1559   1558   1557   2963
   1556   4044   1555   2931   1554   1553   4006   1552   1551   1550
   1549   2938   1548   1547   1546   1545   1544   1543   1542   1541
   1540   1539   1537   1536   1535   1534   1533   1532   1531   1530
   1529   1528   1527   1526   1525   1524   1523   1522   1521   1520
   1518   1517   4542   1516   1515   1514   4027   4003   1513   1512
   1511   1510   1509   1508   1507   1506   1505   1504   1503   1502
   1501   1500   1499   1498   1497   1496   1495   1494   1493   1492
   4092   1491   1490   1489   1488   1487   1486   1484   1483   1482
   1481   1480   1479   1478   1476   1475   1474   1473   1472   4031
   1471   1470   1469   1468   1467   1466   1465   1464   1463   1462
   1461   1460   1459   1458   1457   1456   1455   2897   1454   1453
   1452   2910   1451   1450   1449   1448   4053   1447   1446   1445
   1444   1443   4012   2975   4494   1442   1441   1440   1439   4026
   1438   1437   1436   1435   2937   1434   1433   1432   1431   1430
   1429   1428   1427   1426   1425   1424   1423   1422   1421   1420
   1419   1418   1417   4103   1415   1414   1413   1412   1411   1410
   1409   1408   4101   1407   1406   1405   1404   4628   1403   1402
   1401   1400   1399   1398   1397   1396   1395   1394   1393   1392
   2964   1391   1390   4084   1389   1388   1386   1385   1384   1383
   1382   1381   1380   1379   1378   1377   1376   1374   1373   1371
   1370   1369   1368   1367   1366   1365   1364   1363   4017   1362
   1361   1360   1359   1358   1357   1356   1355   1354   1353   1352
   1351   1350   1349   1347   1346   1345   1344   1343   1342   1341
   1340   1339   1338   1337   1336   2948   1335   1334   4069   1333
   1332   2977   1331   3814   2909   1330   4063   1329    783   1328
   1327   1326   1325   1324   1323   1322   1321   1320   1319   2891
   1318   1317   1316   1315   1314   1313   1312   1311   1310   1309
   1308   1307   1306   1305   1304   1303   1302   1301   1300   1299
   1298   1297   1296   4114   1295   1294   1293   1292   1291   1290
   1289   1288   1287   4079   1286   1285   1284   1283   1282   1281
   4045   1280   1279   1278   1277   1276   1275   1274   1273   1272
   2915   1271   1270   1269   2951   1268   1267   1266   2920   1265
   1264   1263   1262   1261   1260   1259   1258   1257   1256   1255
   1254   2932   4425   1253   1252   1251   1250   1249   1248   1247
   1246   1245   1244   1243   1242   1241   1240   1239   1238   1237
   2896   4033   4035   1236   1235   1233   1232   1231   1230   1229
   1228   1227   1226   1225   1224   1223   1222   4022   1221   1220
   1219   4009   1218   1217   1216   1215   1214   1213   1212   1211
   1210   1209   1208   1207   4089   1205   1204   1203   1202   1201
   1200   1199   1198   1197   1196   1195   4432   1194   2936   1193
   1192   1191   1190   1189   1188   1187   1186   1185   1184   1183
   1181   1180   1179   1178   1177   1176   1175   1174   1173   1172
   1171   1170   1169   1168   1167   2895   1166   1165   1164   1163
   1162   1161   1160   1159   1158   1157   1156   1155   1153   1152
   1151   1150   1149   1148   1147   1146   1145   1144   1143   1142
   1141   1140   1139   1138   1137   1136   1135   1134   1133   1132
   1131   4023   1130   1129   1128   1127   1126   2944   1125   1124
   1123   3836   1122   1121   1120   1119   1118   1117   1116   1115
   1114   1113   1112   1111   1110   1109   1108   1107   1106   1105
   1104   1103   1102   1101   4000   1100   1099   1098   1097   1096
   1095   1094   1093   1092   1091   1090   1088   4355   1087   1086
   1085   1084   1083   1082   1081   1080   1079   1078   4073   1077
   1076   1075   1074   1073   1072   1071   1070   1069   1068   1067
   1066   1065   4046   1064   1063   1062   1061   1060   1059   1058
   1057   1056   1055   1054   1053   1052   1051   1050   1049   1048
   1047   1046   3834   1045   1044   1043   1042   1040   1039   1038
   1037   1036   1035   1034   1033   1032   1031   1030   1029   1028
   1027   1026   1025   1024   1023   1022   1021   1020   1019   3999
   1018   1017   1016   1015   1014   1013   1012    782   1011   1010
   1009   4426   1008   4064   1007   1006   1005   1004   1003   1002
   1001   1000    999    998    997    996   4429    995    994    993
    992    991    990    989    988    987    986    985    984    983
    982    981    980    979    978    977    976    975    974    973
   4050   4010    972    971    970    969    968    967    966    965
    964    963    962    961    960    959    958   4506    957    956
    955    954    953   4070    952    951    950    949    948    947
    946    945    781    944    943    942    941    940    939    938
    937    936    935    934    933    932    931    930   4430    929
   3990    928    927    926    925    924    923    922    921    920
   3994    919   3987    918    917    916    915   3992    914    913
    912    911    910    909    908    907    906   3993    905   3989
    904    903    902    901    900   3991    899    898   3988    897
    896    895    894    893    892    891    890    889    888    887
    886    885    884    883    882    881    880    879    878    877
    876    875    874    873    780    872    871    870    869    868
    867    866    865   3998    864    863    862    861    860    859
    858    857    856    855    854    853    852    851    850    849
    848    847    846    845    844    843    842    841    840    839
    838    837    836    835    834    833    832    831    830    829
    828    827    826    825    824    823    822    821    820    819
    818    817    816    815    814    813    812    811    810    809
    808    807    806    805    804    803    802    801    800    799
    798    797    796    795    794    793    792    791    790    789
    788    787   4042    786    785   3760   3759   3758   3757   3756
   3755   3754   3753   3752   3751   3750   3749   3748   3747   3746
   3745   3744   4237   3743   3742   3741   3740   3739   3738   4236
   3737   3736   3735   3734   3733   3732   3731   3730   3729   3728
   3727   3726   3725   3724   3723   3722   3721   3720   3719   3718
   3717   3716   3715   3714   3713   3712   3711   3710   3709   3708
   3707   3706   3705   3704   3703   3702   3701   3700   3699   3698
   3697   3696   3695   3694   3693   3692   3691   3690   3689   3688
   3687   3686   3685   3684   3683   3682   3681   3680   3679   3678
   3677   4538   3676   3675   4235   3674   3673   3672   3671   3670
   3669   3668   3667   3666   3665   3664   3663   3662   3661   3660
   3659   3658   3657   3656   3655   3654   3653   3652   3651   3650
   3649   3648   3647   3646   3645   3644   3643   3642   3641   3640
   3639   3638   3637   3636   3635   4234   3634   3633   4233   3632
   3631   3630   3629   3628   3627   3626   3625   3624   3623   3622
   3621   3620   3619   3618   3617   3616   3615   3614   3613   3612
   4232   3611   4231   4230   3610   3609   3608   3607   4229   3606
   3605   3604   3603   4228   3602   3601   3600   4562   3599   3597
   3596   3595   4537   3594   4227   4226   4225   3593   3592   3591
   3590   3589   3588   3587   4224   4223   3586   3585   3584   4536
   3583   3582   3581   4222   3580   3579   3578   3577   3576   3575
   3574   3573   3572   3571   3570   3569   3568   3567   3566   3565
   3564   3563   4221   3562   3561   3560   3559   3558   3557   3556
   3555   3554   3553   3552   3551   3550   3549   3548   3547   3546
   3545   3544   3543   3542   3541   3540   3539   3538   3537   3536
   3535   3534   3533   3532   3531   3530   3529   4220   3528   3527
   3526   3525   3524   3523   3522   3521   3520   3519   3518   3517
   3516   3515   3514   3513   3512   3511   3510   3509
