           1   612.7161       617.609699344191       -4.89363489106586       0.639122756689454     
           2   582.0732       597.518459279473       -15.4452781271289       0.638204400152923     
           3   714.1177       682.693773712119        31.4239020691313       0.637243818987803     
           4   650.5814       637.636582499169        12.9448383992683       0.628982162141567     
           5   671.2500       668.127193435602        3.12280656439827       0.624725329925704     
           6   694.0000       675.525139831365        18.4748601686350       0.617877355521374     
           7   736.4062       705.763808713933        30.6424412860667       0.619661303259962     
           8   631.8182       640.285227384585       -8.46705111505332       0.621940309555838     
           9   666.4429       654.829540479556        11.6133916493498       0.623628269502387     
          10   595.9459       614.817756320702       -18.8718334691398       0.622133878913238     
          11   564.4295       587.915962380240       -23.4864579857083       0.612615225246572     
          12   720.1342       691.376133917111        28.7580823914828       0.624071139068416     
          13   616.1490       624.355254233858       -8.20620638229525       0.628393734081837     
          14   594.9045       611.161084820160       -16.2566048396915       0.626550187828520     
          15   644.8979       647.755541283306       -2.85759206455577       0.628043596247018     
          16   747.4359       711.128921564747        36.3069915211903       0.630319855733630     
          17   637.5796       638.559394903330      -0.979805059579576       0.631668594138054     
          18   658.5988       645.070285409690        13.5284694731225       0.475785608763497     
          19   647.7707       643.563408795957        4.20728212201175       0.477957016317527     
          20   591.0828       602.201137313803       -11.1183126067715       0.629839359587672     
          21   711.6883       686.310070432727        25.3782230243042       0.621157171035481     
          22   715.5844       696.923552145640        18.6608594754534       0.621765248042339     
          23   794.1558       734.331288319573        59.8245344343330       0.613595749575593     
          24   639.1892       641.116782263243       -1.92757327886807       0.626023180864504     
          25   808.0537       744.013042146907        64.0406687905935       0.617934639564944     
          26   698.0645       670.068669684440        27.9958444757160       0.472345643881544     
          27   656.7742       663.453700998908       -6.67953107703272       0.472940747719980     
          28   674.5098       659.387983281397        15.1218433787593       0.623030079000018     
          29   770.5128       715.265675577917        55.2471418048956       0.620614139179202     
          30   610.9677       621.985320816255       -11.0176084139117       0.625044513740218     
          31   717.2186       687.495862104543        29.7227047899881       0.622152769658311     
          32   633.3333       638.126770715764       -4.79345772748275       0.621742211493398     
          33   649.3333       644.046619855279        5.28669313300190       0.621003984690474     
          34   652.3490       643.837206827424        8.51179219601363       0.622597195764613     
          35   601.3514       616.526127979276       -15.1747485847445       0.627605037884450     
          36   631.5789       636.208622836029       -4.62970437899764       0.633288327329323     
          37   745.6954       706.577720672884        39.1176528622724       0.633454411910991     
          38   628.1879       632.115445640209       -3.92751839411574       0.631390459691892     
          39   679.7297       663.718173010725        16.0115633174001       0.630712043861857     
          40   691.2751       671.568854452419        19.7062920319564       0.631594565986081     
          41   583.7838       605.397571418698       -21.6137579421360       0.632091652865887     
          42   767.1141       718.559192514649        48.5548821923825       0.629449124069858     
          43   692.4051       675.843759185304        16.5613311467271       0.632729345900965     
          44   597.3684       614.547192189999       -17.1787839868742       0.631979389394004     
          45   718.4211       688.120866831134        30.3002147118345       0.630568728397785     
          46   701.3333       680.745705704572        20.5876072837095       0.631112052981485     
          47   678.2609       665.212461789774        13.0484024680385       0.635769767057113     
          48   638.5093       641.648441815931       -3.13910343702446       0.629044303360011     
          49   614.1935       621.474939690072       -7.28139720960360       0.634998325240867     
          50   703.1847       675.202300890605        27.9823914922072       0.636786381142096     
          51   638.0645       636.186740609137        1.87777355101969       0.636706321779356     
          52   609.0909       615.107943544823       -6.01706219716721       0.635462545678401     
          53   633.7500       631.837600841248        1.91239915875246       0.638947429039630     
          54   714.4654       680.669777732257        33.7956153341491       0.633362155652840     
          55   623.0769       621.240350414027        1.83655388284797       0.632926841725348     
          56   666.6667       665.728463402860       0.938223608859175       0.629274132408315     
          57   674.3589       669.814581552709        4.54436620119748       0.628205218220243     
          58   568.3544       608.363871201795       -40.0094400494511       0.622570449962230     
          59   590.9091       623.459631350263       -32.5505126979190       0.622517831169402     
          60   602.5478       624.183132586767       -21.6353420594232       0.628451103016365     
          61   683.6602       676.949227800203        6.71092844979705       0.627753562009529     
          62   600.0000       624.120880733169       -24.1208807331690       0.624653567742503     
          63   722.7848       705.070042222251        17.7147478168112       0.623103160001569     
          64   606.3694       627.877171709096       -21.5077259083143       0.626391332340075     
          65   584.2105       611.624968633512       -27.4144583796061       0.625538886936770     
          66   715.1899       698.234722704926        16.9551576661675       0.626778161096319     
          67   763.8710       724.339781999652        39.5311896800358       0.625458712485625     
          68   726.6667       704.216473781224        22.4502132304947       0.632429602922692     
          69   822.6667       762.115126835183        60.5515601765353       0.633870129438649     
          70   680.7692       665.505908616087        15.2633174581315       0.623344896899576     
          71   707.6923       681.183130364428        26.5091914129157       0.624053227487124     
          72   655.7692       650.676654584541        5.09257148967731       0.623637971608921     
          73   625.8065       635.583672112288       -9.77721459275710       0.622943163523283     
          74   638.8535       640.912524092101       -2.05900846710131       0.621079828227293     
          75   701.9108       683.126984508537        18.7838431281818       0.618526111829419     
          76   660.2564       652.433643234799        7.82276545660727       0.622759953419213     
          77   663.2258       655.944758006622        7.28107207150310       0.623984275549800     
          78   632.9032       633.745940033251      -0.842741791063190       0.622343482768863     
          79   645.5128       650.084284220758       -4.57146683794554       0.620612577153650     
          80   620.6451       627.794463997059       -7.14932239549603       0.623919431952640     
          81   634.8387       634.716577648158       0.122106433873341       0.623377310660451     
          82   606.5359       616.973673990137       -10.4377242831056       0.623254992794612     
          83   803.8461       744.553134603895        59.2929957671990       0.626082481994707     
          84   677.5000       667.071358155511        10.4286418444892       0.621420224926179     
          85   690.4459       667.917158083399        22.5287037330071       0.620380637669367     
          86   553.2468       587.682839982225       -34.4360748455058       0.630550420480066     
          87   685.5346       671.279445590798        14.2551613427960       0.628479259422462     
          88   640.5063       638.241729518290        2.26461813796016       0.624146339304963     
          89   581.0126       581.477263609951      -0.464629332606819       0.398533532324537     
          90   527.8481       571.451492237930       -43.6034087418361       0.398533532324537     
          91   587.3418       582.670817138533        4.67097973646719       0.398533532324537     
          92   622.9299       631.334162006795       -8.40423036616971       0.629897578496789     
          93   671.7949       660.186662027430        11.6081988124140       0.630241439404214     
          94   562.8205       596.050851567795       -33.2303559623264       0.474174099971003     
          95   620.5128       606.930470027107        13.5823473557059       0.474174099971003     
          96   624.3589       633.719134648957       -9.36018689505056       0.628755196538357     
          97   633.3333       635.940307587151       -2.60699459886962       0.632012685806406     
          98   619.2308       628.144710710922       -8.91393678514100       0.629259632309952     
          99   611.1801       620.165963068822       -8.98584832272786       0.632173979663842     
         100   648.7500       641.043676308578        7.70632369142186       0.629780140401741     
         101   627.6730       628.821998358590       -1.14902472577774       0.624402911015242     
         102   645.8599       643.838388694728        2.02147458652223       0.628681604389481     
         103   684.6154       666.671851211380        17.9435052339323       0.631011732831659     
         104   716.7702       689.667269018630        27.1029336180887       0.631514824973898     
         105   595.0000       609.473847379431       -14.4738473794313       0.630284602581393     
         106   603.7975       620.547524244774       -16.7500388932119       0.627756224655713     
         107   656.0510       652.696688783506        3.35427557196238       0.631694847795721     
         108   632.9268       638.601649123687       -5.67483027603100       0.636062276979605     
         109   583.0303       602.699547192929       -19.6692737554287       0.640226880683802     
         110   656.7742       650.617311690203        6.15685823167155       0.628386584634153     
         111   601.2820       614.049958017498       -12.7679145604668       0.630106799064227     
         112   551.2048       587.096168736056       -35.8913347516810       0.642010520815620     
         113   647.2727       642.277694993349        4.99501008477557       0.644894185436381     
         114   635.8025       634.755915263749        1.04657497062635       0.636638392093770     
         115   628.2051       624.641748096488        3.56339106366840       0.632182066910906     
         116   564.5569       586.602301508591       -22.0453557078099       0.639091415762874     
         117   617.8344       623.975844665629       -6.14143304453501       0.635977638000105     
         118   618.7500       624.893208355662       -6.14320835566218       0.634224075787257     
         119   608.5366       625.524032040035       -16.9874719814413       0.621457466680448     
         120   641.7178       650.551610275634       -8.83383683813406       0.627882889187901     
         121   664.1975       662.089205356459        2.10830440916573       0.620160119170752     
         122   820.7927       760.719632048218        60.0730315260007       0.624331679918214     
         123   648.4472       654.029789476690       -5.58258488684669       0.627227776966612     
         124   639.3750       648.232809216014       -8.85780921601406       0.623002261077086     
         125   668.0723       660.204293337173        7.86797228782700       0.617553872172466     
         126   681.0126       670.082272918207        10.9303613591367       0.621532098060230     
         127   640.1198       650.428658638889       -10.3089076623262       0.623575996287210     
         128   603.6585       629.572080474695       -25.9135721739133       0.623255814992763     
         129   598.7654       618.663456827352       -19.8980149328203       0.624339414892555     
         130   661.4458       660.344960721510        1.10084005973999       0.626969661336891     
         131   736.5854       703.042621063282        33.5427671203121       0.620444211499216     
         132   740.5883       706.897797987345        33.6904588485926       0.620972952277570     
         133   659.2593       662.142966983923       -2.88368964017286       0.624400524292022     
         134   600.5988       623.656575856254       -23.0577599382857       0.630682828129676     
         135   561.2121       596.794858206346       -35.5827610383768       0.621441104139982     
         136   775.0000       710.435943067205        64.5640569327945       0.471569093169007     
         137   642.0732       685.368602604571       -43.2954214522274       0.471569093169007     
         138   832.9268       770.234040888393        62.6927779592630       0.620275959102411     
         139   716.5644       692.681140440095        23.8832516497491       0.625705578172272     
         140   649.6932       667.413059335864       -17.7198220311768       0.472176950083381     
         141   700.6135       677.015607632521        23.5979177581036       0.472176950083381     
         142   656.9697       660.442250980815       -3.47252441831529       0.620896471726411     
         143   664.6342       662.423220066321        2.21093520711611       0.625309792548486     
         144   583.0303       616.691623972568       -33.6613505350676       0.621189946707643     
         145   823.3129       765.646590031339        57.6662761795981       0.624910501805246     
         146   618.5185       638.604718802219       -20.0862251498755       0.622582111057778     
         147   647.8528       649.571554060745       -1.71877085762037       0.619808967079163     
         148   692.1212       677.871388948866        14.2498268714461       0.625122217173258     
         149   627.8788       635.956117617407       -8.07733343771929       0.620279691413730     
         150   704.8781       687.990969078786        16.8870826790267       0.624166261582837     
         151   588.8889       623.224422584262       -34.3355065686375       0.620531124055483     
         152   734.9693       709.023868240534        25.9454310758725       0.627574702763281     
         153   582.1429       613.216669674613       -31.0737863738320       0.627705286700521     
         154   696.3856       683.783001619473        12.6025574625583       0.623945803604043     
         155   712.7273       695.850467654613        16.8768272672621       0.622175137416390     
         156   746.9512       711.525642428711        35.4255904814453       0.626111995523165     
         157   576.8293       602.211920749090       -25.3826360811212       0.624482592654365     
         158   663.4146       661.408116734360        2.00649508204651       0.621584305234342     
         159   693.2515       677.446440372009        15.8050855068975       0.620357565123025     
         160   641.9161       642.986042007087       -1.06990431177405       0.621608258727001     
         161   609.6970       623.730744734608       -14.0337842853893       0.625297725569978     
         162   677.1085       664.983489225985        12.1249702466716       0.619294112908779     
         163   596.3856       616.474471414376       -20.0889123323450       0.472387075567311     
         164   628.9156       622.608996085187        6.30665332887600       0.472387075567311     
         165   710.3030       678.272714689260        32.0303248615216       0.618095290869041     
         166   566.0606       617.911604707302       -51.8509967971455       0.472065498707267     
         167   675.1515       638.483963903264        36.6675253545490       0.472065498707267     
         168   625.4545       620.598609801352        4.85591900724171       0.472119412034067     
         169   601.2121       616.026971866691       -14.8148746987227       0.472119412034067     
         170   714.6342       689.078328099743        25.5558271736941       0.625893917475745     
         171   658.5366       653.910415349750        4.62614470884341       0.625717104609955     
         172   631.7073       634.899562106996       -3.19222568121518       0.621538215697180     
         173   735.3658       697.146609049986        38.2192356765764       0.623365955650217     
         174   718.2927       673.414558892071        44.8781046821476       0.471393159736327     
         175   626.8293       656.166394234392       -29.3371095664230       0.471393159736327     
         176   655.2147       649.411245316357        5.80347636333011       0.623930264598508     
         177   690.2439       672.093823141571        18.1500733428045       0.624019557517088     
         178   689.4117       665.217108334039        24.1946348300237       0.618721823479968     
         179   602.4097       621.273959657236       -18.8642916884859       0.622390242952985     
         180   578.1818       594.097724718925       -15.9159009884559       0.473029059025502     
         181   591.5151       596.612120978984       -5.09698426023374       0.473029059025502     
         182   680.4878       665.387802974454        15.0999899942964       0.620652542465596     
         183   714.6342       689.687938398393        24.9462168750448       0.620894454216505     
         184   709.7561       682.883860862316        26.8722426533089       0.621154047348298     
         185   722.4243       680.040568863037        42.3836865080567       0.355113682922945     
         186   705.4545       676.840417704771        28.6141111038230       0.355113682922945     
         187   640.0000       664.497002187194       -24.4970021871936       0.355113682922945     
         188   638.7879       664.268424894465       -25.4805220624334       0.355113682922945     
         189   604.8781       622.147495870827       -17.2694441130146       0.623586454494915     
         190   530.6749       573.515042076044       -42.8401763533880       0.642844397822441     
         191   714.6342       687.916802241803        26.7173530316340       0.619036514337679     
         192   617.0732       626.244797910013       -9.17161675766965       0.621349727110671     
         193   639.0244       619.079804314711        19.9446097477891       0.397992952720840     
         194   563.4146       604.821307258617       -41.4066954422104       0.397992952720840     
         195   612.1951       614.020337617387       -1.82520822285596       0.397992952720840     
         196   641.7178       644.907520784807       -3.18974734730728       0.619221552950327     
         197   655.2147       646.285639664886        8.92908201480157       0.470512055878359     
         198   628.2209       641.195141980040       -12.9742557495716       0.470512055878359     
         199   667.4847       643.872692070109        23.6119881056719       0.470501673653678     
         200   615.9509       634.154456660847       -18.2035289264724       0.470501673653678     
         201   657.6687       642.810580449107        14.8581207227679       0.472530313978741     
         202   619.6319       635.637599637273       -16.0057026646168       0.472530313978741     
         203   673.4568       660.492711726173        12.9640753832018       0.634691146474288     
         204   574.0741       595.835176449889       -21.7610797702016       0.622913092334018     
         205   742.5000       703.646805530609        38.8531944693915       0.623739962912005     
         206   783.0189       731.425665342766        51.5931945205151       0.627775762733018     
         207   621.8239       627.557051240455       -5.73313766623653       0.624304905039769     
         208   548.7342       581.916202750755       -33.1820108562235       0.618960130379297     
         209   648.1481       646.187764180268        1.96036814395097       0.622978409866860     
         210   687.5000       681.605255157820        5.89474484217999       0.470119307221834     
         211   706.2500       685.141130293846        21.1088697061543       0.470119307221834     
         212   580.0000       603.578539512598       -23.5785395125976       0.471612533433616     
         213   603.1447       607.943158403649       -4.79850508333698       0.471612533433616     
         214   645.0000       639.226706848671        5.77329315132909       0.622840685557567     
         215   597.4359       613.695269959313       -16.2593568733757       0.625607504787383     
         216   593.7107       615.843209891565       -22.1325165321896       0.619061496296405     
         217   592.4528       626.697763574144       -34.2449437499251       0.398868044509770     
         218   664.1509       639.505746183982        24.6451937574246       0.395887211649512     
         219   640.2516       635.711655418712        4.53993149535052       0.398868044509770     
         220   624.2038       636.585930862448       -12.3821344757297       0.621887506848856     
         221   601.2658       613.090842024103       -11.8250339186339       0.618328736626823     
         222   523.5669       570.010602433451       -46.4437079022006       0.622246113781699     
         223   639.4904       631.636975056074        7.85344242439521       0.471253304566870     
         224   608.9172       625.871472822555       -16.9542975295866       0.471253304566870     
         225   624.3589       631.310019838411       -6.95107208450429       0.617667076139071     
         226   702.5641       682.083301046586        20.4807858674764       0.625883104311187     
         227   658.9744       655.162512868187        3.81185236618785       0.620871561093042     
         228   676.2500       659.476052612191        16.7739473878086       0.617422198725129     
         229   656.7742       646.132216671539        10.6419532503355       0.618888724663478     
         230   580.3922       602.026652243442       -21.6345013645355       0.622896581889569     
         231   723.6025       697.731845657147        25.8706323701971       0.630675032584325     
         232   657.8616       651.739067217745        6.12256608303608       0.627733758725660     
         233   590.5325       600.514044575339       -9.98151283705727       0.632892964525508     
         234   679.0419       658.678692025858        20.3632391264853       0.637631323676315     
         235   503.6810       548.057941465990       -44.3769722277087       0.637533152454555     
         236   613.2948       621.312568752388       -8.01776894770069       0.647363189134926     
         237   579.7619       599.629112718605       -19.8672108631364       0.643907190371529     
         238   638.1818       629.047484045341        9.13433968512743       0.633515562554612     
         239   712.5748       700.719977101507        11.8548520000556       0.627898583224764     
         240   628.5714       637.758971825260       -9.18756069244796       0.625007276187403     
         241   556.5476       594.470361297924       -37.9227538760495       0.625583287202251     
         242   681.7073       675.354088357254        6.35324806852714       0.624099678738010     
         243   552.0710       568.853548177070       -16.7825642903516       0.472786961725670     
         244   518.3246       562.489652022827       -44.1650670618892       0.472786961725670     
         245   638.2353       647.404540536985       -9.16925000964102       0.629593872062094     
         246   664.1975       663.682347450057       0.515162315568091       0.626623169647261     
         247   606.2112       627.219966463503       -21.0087848228776       0.629506450703904     
         248   690.2174       677.723427130175        12.4939800963878       0.624569283168952     
         249   543.9759       588.223905351822       -44.2480142385409       0.630194878302702     
         250   622.2222       635.017644127698       -12.7954151237914       0.624900732990869     
         251   604.2945       625.066153011319       -20.7716583824131       0.626313461447122     
         252   660.3658       660.415467199735      -4.962247317291713E-002  0.628289637165546     
         253   696.2963       678.754690180195        17.5416355033985       0.625573964069258     
         254   660.4938       658.449670433650        2.04416501556909       0.625847633550626     
         255   737.5000       708.949043857958        28.5509561420424       0.625809116909211     
         256   608.0247       624.036917870005       -16.0121986317239       0.626036319064256     
         257   548.2558       579.969558892847       -31.7137605530032       0.619278093484375     
         258   646.6258       644.301545301544        2.32424815548768       0.619682315905082     
         259   581.2500       600.127313500776       -18.8773135007757       0.621750681967116     
         260   563.0303       591.552695329070       -28.5224218915696       0.625556649993386     
         261   596.9697       610.278281466255       -13.3085549037548       0.622645926363368     
         262   637.8049       632.712023584685        5.09284702078344       0.619465471845170     
         263   615.0944       629.772433235192       -14.6780728836292       0.623469254763451     
         264   629.5181       637.078246431554       -7.56018002530368       0.633369651518687     
         265   684.0764       666.937538604858        17.1388774107671       0.626836876500747     
         266   541.4012       575.564522980180       -34.1632778629923       0.617566796248485     
         267   623.7180       628.092148209246       -4.37419166627774       0.622784999904491     
         268   463.2979       535.887575778647       -72.5896936985687       0.630610331130119     
         269   586.1635       604.598210085277       -18.4346969016837       0.631523333889688     
         270   672.3926       653.226263702241        19.1663754579156       0.620545334151324     
         271   530.8642       569.652923136359       -38.7887263590151       0.620654722246552     
         272   654.7771       651.836618231428        2.94048137794675       0.620945631645288     
         273   542.3077       580.792444701969       -38.4847664793126       0.624628829005309     
         274   571.7949       595.757040013151       -23.9621791733074       0.621391191513788     
         275   583.3333       602.568965111111       -19.2356521228301       0.622141978080478     
         276   578.8461       600.575332282741       -21.7292019116470       0.623606276066492     
         277   648.7654       650.022180255938       -1.25673836140663       0.621977476156074     
         278   609.9379       618.360095922651       -8.42222971171338       0.620396106113546     
         279   598.1013       592.227755033565        5.87350229065407       0.470981449753771     
         280   545.2830       582.267291459467       -36.9842714399354       0.470981449753771     
         281   603.1847       617.880772288760       -14.6960799059477       0.618885616117771     
         282   543.3121       581.279703712012       -37.9676309581057       0.622156757088439     
         283   635.0319       635.130336833528      -9.847648196557657E-002  0.622639650353128     
         284   639.1025       637.432812403104        1.66972665939625       0.621441061709584     
         285   662.3376       659.771919189147        2.56572729522838       0.620289097042665     
         286   608.3333       619.524901711195       -11.1915887229137       0.620822427498987     
         287   603.2051       616.724564969857       -13.5194258097009       0.624227364825582     
         288   712.4183       687.928346010069        24.4899279157125       0.624560083642141     
         289   613.4969       627.608449578785       -14.1115013365978       0.635857384945940     
         290   598.8304       609.438027390259       -10.6076440894778       0.619484577710393     
         291   573.6196       595.362221016203       -21.7425921099532       0.628685060025973     
         292   656.3636       650.311662527899        6.05198493303817       0.643328240061546     
         293   739.7727       700.318624075069        39.4540810030555       0.639591218918431     
         294   639.1813       635.732923983989        3.44835043007311       0.639778254990815     
         295   498.2353       548.420355359343       -50.1850648319991       0.643597265200757     
         296   598.1595       623.009727421371       -24.8502425580895       0.641521868989101     
         297   600.6211       623.512162638758       -22.8910688887576       0.637556845441797     
         298   590.0621       610.795994867702       -20.7338610786392       0.637153558506975     
         299   631.0559       636.736753719025       -5.68084551589970       0.638681332480763     
         300   647.5309       645.295471766507        2.23541202255592       0.636453169678129     
